[0, -1000] + [-12] -> [-1000.           -14.00889802]
[0, -1000] + [-11] -> [-1000.            -5.92556468]
[0, -1000] + [-10] -> [-1000.             2.15776865]
[0, -1000] + [-9] -> [-1000.            10.24110198]
[0, -1000] + [-8] -> [-1000.            18.32443532]
[0, -1000] + [-7] -> [-1000.            26.40776865]
[0, -1000] + [-6] -> [-1000.            34.49110198]
[0, -1000] + [-5] -> [-1000.            42.57443532]
[0, -1000] + [-4] -> [-1000.            50.65776865]
[0, -1000] + [-3] -> [-1000.            58.74110198]
[0, -1000] + [-2] -> [-1000.            66.82443532]
[0, -1000] + [-1] -> [-1000.            74.90776865]
[0, -1000] + [0] -> [-1000.            82.99110198]
[0, -1000] + [1] -> [-1000.            91.07443532]
[0, -1000] + [2] -> [-1000.            99.15776865]
[0, -1000] + [3] -> [-1000.           107.24110198]
[0, -1000] + [4] -> [-1000.           115.32443532]
[0, -1000] + [5] -> [-1000.           123.40776865]
[0, -1000] + [6] -> [-1000.           131.49110198]
[0, -1000] + [7] -> [-1000.           139.57443532]
[0, -1000] + [8] -> [-1000.           147.65776865]
[0, -1000] + [9] -> [-1000.           155.74110198]
[0, -1000] + [10] -> [-1000.           163.82443532]
[0, -1000] + [11] -> [-1000.           171.90776865]
[0, -950] + [-12] -> [-950.          -18.15845311]
[0, -950] + [-11] -> [-950.          -10.07511978]
[0, -950] + [-10] -> [-950.           -1.99178645]
[0, -950] + [-9] -> [-950.            6.09154689]
[0, -950] + [-8] -> [-950.           14.17488022]
[0, -950] + [-7] -> [-950.           22.25821355]
[0, -950] + [-6] -> [-950.           30.34154689]
[0, -950] + [-5] -> [-950.           38.42488022]
[0, -950] + [-4] -> [-950.           46.50821355]
[0, -950] + [-3] -> [-950.           54.59154689]
[0, -950] + [-2] -> [-950.           62.67488022]
[0, -950] + [-1] -> [-950.           70.75821355]
[0, -950] + [0] -> [-950.           78.84154689]
[0, -950] + [1] -> [-950.           86.92488022]
[0, -950] + [2] -> [-950.           95.00821355]
[0, -950] + [3] -> [-950.          103.09154689]
[0, -950] + [4] -> [-950.          111.17488022]
[0, -950] + [5] -> [-950.          119.25821355]
[0, -950] + [6] -> [-950.          127.34154689]
[0, -950] + [7] -> [-950.          135.42488022]
[0, -950] + [8] -> [-950.          143.50821355]
[0, -950] + [9] -> [-950.          151.59154689]
[0, -950] + [10] -> [-950.          159.67488022]
[0, -950] + [11] -> [-950.          167.75821355]
[0, -900] + [-12] -> [-900.          -22.30800821]
[0, -900] + [-11] -> [-900.          -14.22467488]
[0, -900] + [-10] -> [-900.           -6.14134155]
[0, -900] + [-9] -> [-900.            1.94199179]
[0, -900] + [-8] -> [-900.           10.02532512]
[0, -900] + [-7] -> [-900.           18.10865845]
[0, -900] + [-6] -> [-900.           26.19199179]
[0, -900] + [-5] -> [-900.           34.27532512]
[0, -900] + [-4] -> [-900.           42.35865845]
[0, -900] + [-3] -> [-900.           50.44199179]
[0, -900] + [-2] -> [-900.           58.52532512]
[0, -900] + [-1] -> [-900.           66.60865845]
[0, -900] + [0] -> [-900.           74.69199179]
[0, -900] + [1] -> [-900.           82.77532512]
[0, -900] + [2] -> [-900.           90.85865845]
[0, -900] + [3] -> [-900.           98.94199179]
[0, -900] + [4] -> [-900.          107.02532512]
[0, -900] + [5] -> [-900.          115.10865845]
[0, -900] + [6] -> [-900.          123.19199179]
[0, -900] + [7] -> [-900.          131.27532512]
[0, -900] + [8] -> [-900.          139.35865845]
[0, -900] + [9] -> [-900.          147.44199179]
[0, -900] + [10] -> [-900.          155.52532512]
[0, -900] + [11] -> [-900.          163.60865845]
[0, -850] + [-12] -> [-850.          -26.45756331]
[0, -850] + [-11] -> [-850.          -18.37422998]
[0, -850] + [-10] -> [-850.          -10.29089665]
[0, -850] + [-9] -> [-850.           -2.20756331]
[0, -850] + [-8] -> [-850.            5.87577002]
[0, -850] + [-7] -> [-850.           13.95910335]
[0, -850] + [-6] -> [-850.           22.04243669]
[0, -850] + [-5] -> [-850.           30.12577002]
[0, -850] + [-4] -> [-850.           38.20910335]
[0, -850] + [-3] -> [-850.           46.29243669]
[0, -850] + [-2] -> [-850.           54.37577002]
[0, -850] + [-1] -> [-850.           62.45910335]
[0, -850] + [0] -> [-850.           70.54243669]
[0, -850] + [1] -> [-850.           78.62577002]
[0, -850] + [2] -> [-850.           86.70910335]
[0, -850] + [3] -> [-850.           94.79243669]
[0, -850] + [4] -> [-850.          102.87577002]
[0, -850] + [5] -> [-850.          110.95910335]
[0, -850] + [6] -> [-850.          119.04243669]
[0, -850] + [7] -> [-850.          127.12577002]
[0, -850] + [8] -> [-850.          135.20910335]
[0, -850] + [9] -> [-850.          143.29243669]
[0, -850] + [10] -> [-850.          151.37577002]
[0, -850] + [11] -> [-850.          159.45910335]
[0, -800] + [-12] -> [-800.          -30.60711841]
[0, -800] + [-11] -> [-800.          -22.52378508]
[0, -800] + [-10] -> [-800.          -14.44045175]
[0, -800] + [-9] -> [-800.           -6.35711841]
[0, -800] + [-8] -> [-800.            1.72621492]
[0, -800] + [-7] -> [-800.            9.80954825]
[0, -800] + [-6] -> [-800.           17.89288159]
[0, -800] + [-5] -> [-800.           25.97621492]
[0, -800] + [-4] -> [-800.           34.05954825]
[0, -800] + [-3] -> [-800.           42.14288159]
[0, -800] + [-2] -> [-800.           50.22621492]
[0, -800] + [-1] -> [-800.           58.30954825]
[0, -800] + [0] -> [-800.           66.39288159]
[0, -800] + [1] -> [-800.           74.47621492]
[0, -800] + [2] -> [-800.           82.55954825]
[0, -800] + [3] -> [-800.           90.64288159]
[0, -800] + [4] -> [-800.           98.72621492]
[0, -800] + [5] -> [-800.          106.80954825]
[0, -800] + [6] -> [-800.          114.89288159]
[0, -800] + [7] -> [-800.          122.97621492]
[0, -800] + [8] -> [-800.          131.05954825]
[0, -800] + [9] -> [-800.          139.14288159]
[0, -800] + [10] -> [-800.          147.22621492]
[0, -800] + [11] -> [-800.          155.30954825]
[0, -750] + [-12] -> [-750.          -34.75667351]
[0, -750] + [-11] -> [-750.          -26.67334018]
[0, -750] + [-10] -> [-750.          -18.59000684]
[0, -750] + [-9] -> [-750.          -10.50667351]
[0, -750] + [-8] -> [-750.           -2.42334018]
[0, -750] + [-7] -> [-750.            5.65999316]
[0, -750] + [-6] -> [-750.           13.74332649]
[0, -750] + [-5] -> [-750.           21.82665982]
[0, -750] + [-4] -> [-750.           29.90999316]
[0, -750] + [-3] -> [-750.           37.99332649]
[0, -750] + [-2] -> [-750.           46.07665982]
[0, -750] + [-1] -> [-750.           54.15999316]
[0, -750] + [0] -> [-750.           62.24332649]
[0, -750] + [1] -> [-750.           70.32665982]
[0, -750] + [2] -> [-750.           78.40999316]
[0, -750] + [3] -> [-750.           86.49332649]
[0, -750] + [4] -> [-750.           94.57665982]
[0, -750] + [5] -> [-750.          102.65999316]
[0, -750] + [6] -> [-750.          110.74332649]
[0, -750] + [7] -> [-750.          118.82665982]
[0, -750] + [8] -> [-750.          126.90999316]
[0, -750] + [9] -> [-750.          134.99332649]
[0, -750] + [10] -> [-750.          143.07665982]
[0, -750] + [11] -> [-750.          151.15999316]
[0, -700] + [-12] -> [-700.          -38.90622861]
[0, -700] + [-11] -> [-700.          -30.82289528]
[0, -700] + [-10] -> [-700.          -22.73956194]
[0, -700] + [-9] -> [-700.          -14.65622861]
[0, -700] + [-8] -> [-700.           -6.57289528]
[0, -700] + [-7] -> [-700.            1.51043806]
[0, -700] + [-6] -> [-700.            9.59377139]
[0, -700] + [-5] -> [-700.           17.67710472]
[0, -700] + [-4] -> [-700.           25.76043806]
[0, -700] + [-3] -> [-700.           33.84377139]
[0, -700] + [-2] -> [-700.           41.92710472]
[0, -700] + [-1] -> [-700.           50.01043806]
[0, -700] + [0] -> [-700.           58.09377139]
[0, -700] + [1] -> [-700.           66.17710472]
[0, -700] + [2] -> [-700.           74.26043806]
[0, -700] + [3] -> [-700.           82.34377139]
[0, -700] + [4] -> [-700.           90.42710472]
[0, -700] + [5] -> [-700.           98.51043806]
[0, -700] + [6] -> [-700.          106.59377139]
[0, -700] + [7] -> [-700.          114.67710472]
[0, -700] + [8] -> [-700.          122.76043806]
[0, -700] + [9] -> [-700.          130.84377139]
[0, -700] + [10] -> [-700.          138.92710472]
[0, -700] + [11] -> [-700.          147.01043806]
[0, -650] + [-12] -> [-650.          -43.05578371]
[0, -650] + [-11] -> [-650.          -34.97245038]
[0, -650] + [-10] -> [-650.          -26.88911704]
[0, -650] + [-9] -> [-650.          -18.80578371]
[0, -650] + [-8] -> [-650.          -10.72245038]
[0, -650] + [-7] -> [-650.           -2.63911704]
[0, -650] + [-6] -> [-650.            5.44421629]
[0, -650] + [-5] -> [-650.           13.52754962]
[0, -650] + [-4] -> [-650.           21.61088296]
[0, -650] + [-3] -> [-650.           29.69421629]
[0, -650] + [-2] -> [-650.           37.77754962]
[0, -650] + [-1] -> [-650.           45.86088296]
[0, -650] + [0] -> [-650.           53.94421629]
[0, -650] + [1] -> [-650.           62.02754962]
[0, -650] + [2] -> [-650.           70.11088296]
[0, -650] + [3] -> [-650.           78.19421629]
[0, -650] + [4] -> [-650.           86.27754962]
[0, -650] + [5] -> [-650.           94.36088296]
[0, -650] + [6] -> [-650.          102.44421629]
[0, -650] + [7] -> [-650.          110.52754962]
[0, -650] + [8] -> [-650.          118.61088296]
[0, -650] + [9] -> [-650.          126.69421629]
[0, -650] + [10] -> [-650.          134.77754962]
[0, -650] + [11] -> [-650.          142.86088296]
[0, -600] + [-12] -> [-600.          -47.20533881]
[0, -600] + [-11] -> [-600.          -39.12200548]
[0, -600] + [-10] -> [-600.          -31.03867214]
[0, -600] + [-9] -> [-600.          -22.95533881]
[0, -600] + [-8] -> [-600.          -14.87200548]
[0, -600] + [-7] -> [-600.           -6.78867214]
[0, -600] + [-6] -> [-600.            1.29466119]
[0, -600] + [-5] -> [-600.            9.37799452]
[0, -600] + [-4] -> [-600.           17.46132786]
[0, -600] + [-3] -> [-600.           25.54466119]
[0, -600] + [-2] -> [-600.           33.62799452]
[0, -600] + [-1] -> [-600.           41.71132786]
[0, -600] + [0] -> [-600.           49.79466119]
[0, -600] + [1] -> [-600.           57.87799452]
[0, -600] + [2] -> [-600.           65.96132786]
[0, -600] + [3] -> [-600.           74.04466119]
[0, -600] + [4] -> [-600.           82.12799452]
[0, -600] + [5] -> [-600.           90.21132786]
[0, -600] + [6] -> [-600.           98.29466119]
[0, -600] + [7] -> [-600.          106.37799452]
[0, -600] + [8] -> [-600.          114.46132786]
[0, -600] + [9] -> [-600.          122.54466119]
[0, -600] + [10] -> [-600.          130.62799452]
[0, -600] + [11] -> [-600.          138.71132786]
[0, -550] + [-12] -> [-550.          -51.35489391]
[0, -550] + [-11] -> [-550.          -43.27156057]
[0, -550] + [-10] -> [-550.          -35.18822724]
[0, -550] + [-9] -> [-550.          -27.10489391]
[0, -550] + [-8] -> [-550.          -19.02156057]
[0, -550] + [-7] -> [-550.          -10.93822724]
[0, -550] + [-6] -> [-550.           -2.85489391]
[0, -550] + [-5] -> [-550.            5.22843943]
[0, -550] + [-4] -> [-550.           13.31177276]
[0, -550] + [-3] -> [-550.           21.39510609]
[0, -550] + [-2] -> [-550.           29.47843943]
[0, -550] + [-1] -> [-550.           37.56177276]
[0, -550] + [0] -> [-550.           45.64510609]
[0, -550] + [1] -> [-550.           53.72843943]
[0, -550] + [2] -> [-550.           61.81177276]
[0, -550] + [3] -> [-550.           69.89510609]
[0, -550] + [4] -> [-550.           77.97843943]
[0, -550] + [5] -> [-550.           86.06177276]
[0, -550] + [6] -> [-550.           94.14510609]
[0, -550] + [7] -> [-550.          102.22843943]
[0, -550] + [8] -> [-550.          110.31177276]
[0, -550] + [9] -> [-550.          118.39510609]
[0, -550] + [10] -> [-550.          126.47843943]
[0, -550] + [11] -> [-550.          134.56177276]
[0, -500] + [-12] -> [-500.          -55.50444901]
[0, -500] + [-11] -> [-500.          -47.42111567]
[0, -500] + [-10] -> [-500.          -39.33778234]
[0, -500] + [-9] -> [-500.          -31.25444901]
[0, -500] + [-8] -> [-500.          -23.17111567]
[0, -500] + [-7] -> [-500.          -15.08778234]
[0, -500] + [-6] -> [-500.           -7.00444901]
[0, -500] + [-5] -> [-500.            1.07888433]
[0, -500] + [-4] -> [-500.            9.16221766]
[0, -500] + [-3] -> [-500.           17.24555099]
[0, -500] + [-2] -> [-500.           25.32888433]
[0, -500] + [-1] -> [-500.           33.41221766]
[0, -500] + [0] -> [-500.           41.49555099]
[0, -500] + [1] -> [-500.           49.57888433]
[0, -500] + [2] -> [-500.           57.66221766]
[0, -500] + [3] -> [-500.           65.74555099]
[0, -500] + [4] -> [-500.           73.82888433]
[0, -500] + [5] -> [-500.           81.91221766]
[0, -500] + [6] -> [-500.           89.99555099]
[0, -500] + [7] -> [-500.           98.07888433]
[0, -500] + [8] -> [-500.          106.16221766]
[0, -500] + [9] -> [-500.          114.24555099]
[0, -500] + [10] -> [-500.          122.32888433]
[0, -500] + [11] -> [-500.          130.41221766]
[0, -450] + [-12] -> [-450.          -59.65400411]
[0, -450] + [-11] -> [-450.          -51.57067077]
[0, -450] + [-10] -> [-450.          -43.48733744]
[0, -450] + [-9] -> [-450.          -35.40400411]
[0, -450] + [-8] -> [-450.          -27.32067077]
[0, -450] + [-7] -> [-450.          -19.23733744]
[0, -450] + [-6] -> [-450.          -11.15400411]
[0, -450] + [-5] -> [-450.           -3.07067077]
[0, -450] + [-4] -> [-450.            5.01266256]
[0, -450] + [-3] -> [-450.           13.09599589]
[0, -450] + [-2] -> [-450.           21.17932923]
[0, -450] + [-1] -> [-450.           29.26266256]
[0, -450] + [0] -> [-450.           37.34599589]
[0, -450] + [1] -> [-450.           45.42932923]
[0, -450] + [2] -> [-450.           53.51266256]
[0, -450] + [3] -> [-450.           61.59599589]
[0, -450] + [4] -> [-450.           69.67932923]
[0, -450] + [5] -> [-450.           77.76266256]
[0, -450] + [6] -> [-450.           85.84599589]
[0, -450] + [7] -> [-450.           93.92932923]
[0, -450] + [8] -> [-450.          102.01266256]
[0, -450] + [9] -> [-450.          110.09599589]
[0, -450] + [10] -> [-450.          118.17932923]
[0, -450] + [11] -> [-450.          126.26266256]
[0, -400] + [-12] -> [-400.          -63.80355921]
[0, -400] + [-11] -> [-400.          -55.72022587]
[0, -400] + [-10] -> [-400.          -47.63689254]
[0, -400] + [-9] -> [-400.          -39.55355921]
[0, -400] + [-8] -> [-400.          -31.47022587]
[0, -400] + [-7] -> [-400.          -23.38689254]
[0, -400] + [-6] -> [-400.          -15.30355921]
[0, -400] + [-5] -> [-400.           -7.22022587]
[0, -400] + [-4] -> [-400.            0.86310746]
[0, -400] + [-3] -> [-400.            8.94644079]
[0, -400] + [-2] -> [-400.           17.02977413]
[0, -400] + [-1] -> [-400.           25.11310746]
[0, -400] + [0] -> [-400.           33.19644079]
[0, -400] + [1] -> [-400.           41.27977413]
[0, -400] + [2] -> [-400.           49.36310746]
[0, -400] + [3] -> [-400.           57.44644079]
[0, -400] + [4] -> [-400.           65.52977413]
[0, -400] + [5] -> [-400.           73.61310746]
[0, -400] + [6] -> [-400.           81.69644079]
[0, -400] + [7] -> [-400.           89.77977413]
[0, -400] + [8] -> [-400.           97.86310746]
[0, -400] + [9] -> [-400.          105.94644079]
[0, -400] + [10] -> [-400.          114.02977413]
[0, -400] + [11] -> [-400.          122.11310746]
[0, -350] + [-12] -> [-350.          -67.95311431]
[0, -350] + [-11] -> [-350.          -59.86978097]
[0, -350] + [-10] -> [-350.          -51.78644764]
[0, -350] + [-9] -> [-350.          -43.70311431]
[0, -350] + [-8] -> [-350.          -35.61978097]
[0, -350] + [-7] -> [-350.          -27.53644764]
[0, -350] + [-6] -> [-350.          -19.45311431]
[0, -350] + [-5] -> [-350.          -11.36978097]
[0, -350] + [-4] -> [-350.           -3.28644764]
[0, -350] + [-3] -> [-350.            4.79688569]
[0, -350] + [-2] -> [-350.           12.88021903]
[0, -350] + [-1] -> [-350.           20.96355236]
[0, -350] + [0] -> [-350.           29.04688569]
[0, -350] + [1] -> [-350.           37.13021903]
[0, -350] + [2] -> [-350.           45.21355236]
[0, -350] + [3] -> [-350.           53.29688569]
[0, -350] + [4] -> [-350.           61.38021903]
[0, -350] + [5] -> [-350.           69.46355236]
[0, -350] + [6] -> [-350.           77.54688569]
[0, -350] + [7] -> [-350.           85.63021903]
[0, -350] + [8] -> [-350.           93.71355236]
[0, -350] + [9] -> [-350.          101.79688569]
[0, -350] + [10] -> [-350.          109.88021903]
[0, -350] + [11] -> [-350.          117.96355236]
[0, -300] + [-12] -> [-300.         -72.1026694]
[0, -300] + [-11] -> [-300.          -64.01933607]
[0, -300] + [-10] -> [-300.          -55.93600274]
[0, -300] + [-9] -> [-300.         -47.8526694]
[0, -300] + [-8] -> [-300.          -39.76933607]
[0, -300] + [-7] -> [-300.          -31.68600274]
[0, -300] + [-6] -> [-300.         -23.6026694]
[0, -300] + [-5] -> [-300.          -15.51933607]
[0, -300] + [-4] -> [-300.           -7.43600274]
[0, -300] + [-3] -> [-300.           0.6473306]
[0, -300] + [-2] -> [-300.            8.73066393]
[0, -300] + [-1] -> [-300.           16.81399726]
[0, -300] + [0] -> [-300.          24.8973306]
[0, -300] + [1] -> [-300.           32.98066393]
[0, -300] + [2] -> [-300.           41.06399726]
[0, -300] + [3] -> [-300.          49.1473306]
[0, -300] + [4] -> [-300.           57.23066393]
[0, -300] + [5] -> [-300.           65.31399726]
[0, -300] + [6] -> [-300.          73.3973306]
[0, -300] + [7] -> [-300.           81.48066393]
[0, -300] + [8] -> [-300.           89.56399726]
[0, -300] + [9] -> [-300.          97.6473306]
[0, -300] + [10] -> [-300.          105.73066393]
[0, -300] + [11] -> [-300.          113.81399726]
[0, -250] + [-12] -> [-250.         -76.2522245]
[0, -250] + [-11] -> [-250.          -68.16889117]
[0, -250] + [-10] -> [-250.          -60.08555784]
[0, -250] + [-9] -> [-250.         -52.0022245]
[0, -250] + [-8] -> [-250.          -43.91889117]
[0, -250] + [-7] -> [-250.          -35.83555784]
[0, -250] + [-6] -> [-250.         -27.7522245]
[0, -250] + [-5] -> [-250.          -19.66889117]
[0, -250] + [-4] -> [-250.          -11.58555784]
[0, -250] + [-3] -> [-250.          -3.5022245]
[0, -250] + [-2] -> [-250.            4.58110883]
[0, -250] + [-1] -> [-250.           12.66444216]
[0, -250] + [0] -> [-250.          20.7477755]
[0, -250] + [1] -> [-250.           28.83110883]
[0, -250] + [2] -> [-250.           36.91444216]
[0, -250] + [3] -> [-250.          44.9977755]
[0, -250] + [4] -> [-250.           53.08110883]
[0, -250] + [5] -> [-250.           61.16444216]
[0, -250] + [6] -> [-250.          69.2477755]
[0, -250] + [7] -> [-250.           77.33110883]
[0, -250] + [8] -> [-250.           85.41444216]
[0, -250] + [9] -> [-250.          93.4977755]
[0, -250] + [10] -> [-250.          101.58110883]
[0, -250] + [11] -> [-250.          109.66444216]
[0, -200] + [-12] -> [-200.         -80.4017796]
[0, -200] + [-11] -> [-200.          -72.31844627]
[0, -200] + [-10] -> [-200.          -64.23511294]
[0, -200] + [-9] -> [-200.         -56.1517796]
[0, -200] + [-8] -> [-200.          -48.06844627]
[0, -200] + [-7] -> [-200.          -39.98511294]
[0, -200] + [-6] -> [-200.         -31.9017796]
[0, -200] + [-5] -> [-200.          -23.81844627]
[0, -200] + [-4] -> [-200.          -15.73511294]
[0, -200] + [-3] -> [-200.          -7.6517796]
[0, -200] + [-2] -> [-200.            0.43155373]
[0, -200] + [-1] -> [-200.            8.51488706]
[0, -200] + [0] -> [-200.          16.5982204]
[0, -200] + [1] -> [-200.           24.68155373]
[0, -200] + [2] -> [-200.           32.76488706]
[0, -200] + [3] -> [-200.          40.8482204]
[0, -200] + [4] -> [-200.           48.93155373]
[0, -200] + [5] -> [-200.           57.01488706]
[0, -200] + [6] -> [-200.          65.0982204]
[0, -200] + [7] -> [-200.           73.18155373]
[0, -200] + [8] -> [-200.           81.26488706]
[0, -200] + [9] -> [-200.          89.3482204]
[0, -200] + [10] -> [-200.           97.43155373]
[0, -200] + [11] -> [-200.          105.51488706]
[0, -150] + [-12] -> [-150.         -84.5513347]
[0, -150] + [-11] -> [-150.          -76.46800137]
[0, -150] + [-10] -> [-150.          -68.38466804]
[0, -150] + [-9] -> [-150.         -60.3013347]
[0, -150] + [-8] -> [-150.          -52.21800137]
[0, -150] + [-7] -> [-150.          -44.13466804]
[0, -150] + [-6] -> [-150.         -36.0513347]
[0, -150] + [-5] -> [-150.          -27.96800137]
[0, -150] + [-4] -> [-150.          -19.88466804]
[0, -150] + [-3] -> [-150.         -11.8013347]
[0, -150] + [-2] -> [-150.           -3.71800137]
[0, -150] + [-1] -> [-150.            4.36533196]
[0, -150] + [0] -> [-150.          12.4486653]
[0, -150] + [1] -> [-150.           20.53199863]
[0, -150] + [2] -> [-150.           28.61533196]
[0, -150] + [3] -> [-150.          36.6986653]
[0, -150] + [4] -> [-150.           44.78199863]
[0, -150] + [5] -> [-150.           52.86533196]
[0, -150] + [6] -> [-150.          60.9486653]
[0, -150] + [7] -> [-150.           69.03199863]
[0, -150] + [8] -> [-150.           77.11533196]
[0, -150] + [9] -> [-150.          85.1986653]
[0, -150] + [10] -> [-150.           93.28199863]
[0, -150] + [11] -> [-150.          101.36533196]
[0, -100] + [-12] -> [-100.         -88.7008898]
[0, -100] + [-11] -> [-100.          -80.61755647]
[0, -100] + [-10] -> [-100.          -72.53422313]
[0, -100] + [-9] -> [-100.         -64.4508898]
[0, -100] + [-8] -> [-100.          -56.36755647]
[0, -100] + [-7] -> [-100.          -48.28422313]
[0, -100] + [-6] -> [-100.         -40.2008898]
[0, -100] + [-5] -> [-100.          -32.11755647]
[0, -100] + [-4] -> [-100.          -24.03422313]
[0, -100] + [-3] -> [-100.         -15.9508898]
[0, -100] + [-2] -> [-100.           -7.86755647]
[0, -100] + [-1] -> [-100.            0.21577687]
[0, -100] + [0] -> [-100.           8.2991102]
[0, -100] + [1] -> [-100.           16.38244353]
[0, -100] + [2] -> [-100.           24.46577687]
[0, -100] + [3] -> [-100.          32.5491102]
[0, -100] + [4] -> [-100.           40.63244353]
[0, -100] + [5] -> [-100.           48.71577687]
[0, -100] + [6] -> [-100.          56.7991102]
[0, -100] + [7] -> [-100.           64.88244353]
[0, -100] + [8] -> [-100.           72.96577687]
[0, -100] + [9] -> [-100.          81.0491102]
[0, -100] + [10] -> [-100.           89.13244353]
[0, -100] + [11] -> [-100.           97.21577687]
[0, -50] + [-12] -> [-50.        -92.8504449]
[0, -50] + [-11] -> [-50.         -84.76711157]
[0, -50] + [-10] -> [-50.         -76.68377823]
[0, -50] + [-9] -> [-50.        -68.6004449]
[0, -50] + [-8] -> [-50.         -60.51711157]
[0, -50] + [-7] -> [-50.         -52.43377823]
[0, -50] + [-6] -> [-50.        -44.3504449]
[0, -50] + [-5] -> [-50.         -36.26711157]
[0, -50] + [-4] -> [-50.         -28.18377823]
[0, -50] + [-3] -> [-50.        -20.1004449]
[0, -50] + [-2] -> [-50.         -12.01711157]
[0, -50] + [-1] -> [-50.          -3.93377823]
[0, -50] + [0] -> [-50.          4.1495551]
[0, -50] + [1] -> [-50.          12.23288843]
[0, -50] + [2] -> [-50.          20.31622177]
[0, -50] + [3] -> [-50.         28.3995551]
[0, -50] + [4] -> [-50.          36.48288843]
[0, -50] + [5] -> [-50.          44.56622177]
[0, -50] + [6] -> [-50.         52.6495551]
[0, -50] + [7] -> [-50.          60.73288843]
[0, -50] + [8] -> [-50.          68.81622177]
[0, -50] + [9] -> [-50.         76.8995551]
[0, -50] + [10] -> [-50.          84.98288843]
[0, -50] + [11] -> [-50.          93.06622177]
[0, 0] + [-12] -> [  0. -97.]
[0, 0] + [-11] -> [  0.         -88.91666667]
[0, 0] + [-10] -> [  0.         -80.83333333]
[0, 0] + [-9] -> [  0.   -72.75]
[0, 0] + [-8] -> [  0.         -64.66666667]
[0, 0] + [-7] -> [  0.         -56.58333333]
[0, 0] + [-6] -> [  0.  -48.5]
[0, 0] + [-5] -> [  0.         -40.41666667]
[0, 0] + [-4] -> [  0.         -32.33333333]
[0, 0] + [-3] -> [  0.   -24.25]
[0, 0] + [-2] -> [  0.         -16.16666667]
[0, 0] + [-1] -> [ 0.         -8.08333333]
[0, 0] + [0] -> [0. 0.]
[0, 0] + [1] -> [0.         8.08333333]
[0, 0] + [2] -> [ 0.         16.16666667]
[0, 0] + [3] -> [ 0.   24.25]
[0, 0] + [4] -> [ 0.         32.33333333]
[0, 0] + [5] -> [ 0.         40.41666667]
[0, 0] + [6] -> [ 0.  48.5]
[0, 0] + [7] -> [ 0.         56.58333333]
[0, 0] + [8] -> [ 0.         64.66666667]
[0, 0] + [9] -> [ 0.   72.75]
[0, 0] + [10] -> [ 0.         80.83333333]
[0, 0] + [11] -> [ 0.         88.91666667]
[0, 50] + [-12] -> [  50.        -101.1495551]
[0, 50] + [-11] -> [ 50.         -93.06622177]
[0, 50] + [-10] -> [ 50.         -84.98288843]
[0, 50] + [-9] -> [ 50.        -76.8995551]
[0, 50] + [-8] -> [ 50.         -68.81622177]
[0, 50] + [-7] -> [ 50.         -60.73288843]
[0, 50] + [-6] -> [ 50.        -52.6495551]
[0, 50] + [-5] -> [ 50.         -44.56622177]
[0, 50] + [-4] -> [ 50.         -36.48288843]
[0, 50] + [-3] -> [ 50.        -28.3995551]
[0, 50] + [-2] -> [ 50.         -20.31622177]
[0, 50] + [-1] -> [ 50.         -12.23288843]
[0, 50] + [0] -> [50.        -4.1495551]
[0, 50] + [1] -> [50.          3.93377823]
[0, 50] + [2] -> [50.         12.01711157]
[0, 50] + [3] -> [50.        20.1004449]
[0, 50] + [4] -> [50.         28.18377823]
[0, 50] + [5] -> [50.         36.26711157]
[0, 50] + [6] -> [50.        44.3504449]
[0, 50] + [7] -> [50.         52.43377823]
[0, 50] + [8] -> [50.         60.51711157]
[0, 50] + [9] -> [50.        68.6004449]
[0, 50] + [10] -> [50.         76.68377823]
[0, 50] + [11] -> [50.         84.76711157]
[0, 100] + [-12] -> [ 100.        -105.2991102]
[0, 100] + [-11] -> [100.         -97.21577687]
[0, 100] + [-10] -> [100.         -89.13244353]
[0, 100] + [-9] -> [100.        -81.0491102]
[0, 100] + [-8] -> [100.         -72.96577687]
[0, 100] + [-7] -> [100.         -64.88244353]
[0, 100] + [-6] -> [100.        -56.7991102]
[0, 100] + [-5] -> [100.         -48.71577687]
[0, 100] + [-4] -> [100.         -40.63244353]
[0, 100] + [-3] -> [100.        -32.5491102]
[0, 100] + [-2] -> [100.         -24.46577687]
[0, 100] + [-1] -> [100.         -16.38244353]
[0, 100] + [0] -> [100.         -8.2991102]
[0, 100] + [1] -> [100.          -0.21577687]
[0, 100] + [2] -> [100.           7.86755647]
[0, 100] + [3] -> [100.         15.9508898]
[0, 100] + [4] -> [100.          24.03422313]
[0, 100] + [5] -> [100.          32.11755647]
[0, 100] + [6] -> [100.         40.2008898]
[0, 100] + [7] -> [100.          48.28422313]
[0, 100] + [8] -> [100.          56.36755647]
[0, 100] + [9] -> [100.         64.4508898]
[0, 100] + [10] -> [100.          72.53422313]
[0, 100] + [11] -> [100.          80.61755647]
[0, 150] + [-12] -> [ 150.        -109.4486653]
[0, 150] + [-11] -> [ 150.         -101.36533196]
[0, 150] + [-10] -> [150.         -93.28199863]
[0, 150] + [-9] -> [150.        -85.1986653]
[0, 150] + [-8] -> [150.         -77.11533196]
[0, 150] + [-7] -> [150.         -69.03199863]
[0, 150] + [-6] -> [150.        -60.9486653]
[0, 150] + [-5] -> [150.         -52.86533196]
[0, 150] + [-4] -> [150.         -44.78199863]
[0, 150] + [-3] -> [150.        -36.6986653]
[0, 150] + [-2] -> [150.         -28.61533196]
[0, 150] + [-1] -> [150.         -20.53199863]
[0, 150] + [0] -> [150.        -12.4486653]
[0, 150] + [1] -> [150.          -4.36533196]
[0, 150] + [2] -> [150.           3.71800137]
[0, 150] + [3] -> [150.         11.8013347]
[0, 150] + [4] -> [150.          19.88466804]
[0, 150] + [5] -> [150.          27.96800137]
[0, 150] + [6] -> [150.         36.0513347]
[0, 150] + [7] -> [150.          44.13466804]
[0, 150] + [8] -> [150.          52.21800137]
[0, 150] + [9] -> [150.         60.3013347]
[0, 150] + [10] -> [150.          68.38466804]
[0, 150] + [11] -> [150.          76.46800137]
[0, 200] + [-12] -> [ 200.        -113.5982204]
[0, 200] + [-11] -> [ 200.         -105.51488706]
[0, 200] + [-10] -> [200.         -97.43155373]
[0, 200] + [-9] -> [200.        -89.3482204]
[0, 200] + [-8] -> [200.         -81.26488706]
[0, 200] + [-7] -> [200.         -73.18155373]
[0, 200] + [-6] -> [200.        -65.0982204]
[0, 200] + [-5] -> [200.         -57.01488706]
[0, 200] + [-4] -> [200.         -48.93155373]
[0, 200] + [-3] -> [200.        -40.8482204]
[0, 200] + [-2] -> [200.         -32.76488706]
[0, 200] + [-1] -> [200.         -24.68155373]
[0, 200] + [0] -> [200.        -16.5982204]
[0, 200] + [1] -> [200.          -8.51488706]
[0, 200] + [2] -> [200.          -0.43155373]
[0, 200] + [3] -> [200.          7.6517796]
[0, 200] + [4] -> [200.          15.73511294]
[0, 200] + [5] -> [200.          23.81844627]
[0, 200] + [6] -> [200.         31.9017796]
[0, 200] + [7] -> [200.          39.98511294]
[0, 200] + [8] -> [200.          48.06844627]
[0, 200] + [9] -> [200.         56.1517796]
[0, 200] + [10] -> [200.          64.23511294]
[0, 200] + [11] -> [200.          72.31844627]
[0, 250] + [-12] -> [ 250.        -117.7477755]
[0, 250] + [-11] -> [ 250.         -109.66444216]
[0, 250] + [-10] -> [ 250.         -101.58110883]
[0, 250] + [-9] -> [250.        -93.4977755]
[0, 250] + [-8] -> [250.         -85.41444216]
[0, 250] + [-7] -> [250.         -77.33110883]
[0, 250] + [-6] -> [250.        -69.2477755]
[0, 250] + [-5] -> [250.         -61.16444216]
[0, 250] + [-4] -> [250.         -53.08110883]
[0, 250] + [-3] -> [250.        -44.9977755]
[0, 250] + [-2] -> [250.         -36.91444216]
[0, 250] + [-1] -> [250.         -28.83110883]
[0, 250] + [0] -> [250.        -20.7477755]
[0, 250] + [1] -> [250.         -12.66444216]
[0, 250] + [2] -> [250.          -4.58110883]
[0, 250] + [3] -> [250.          3.5022245]
[0, 250] + [4] -> [250.          11.58555784]
[0, 250] + [5] -> [250.          19.66889117]
[0, 250] + [6] -> [250.         27.7522245]
[0, 250] + [7] -> [250.          35.83555784]
[0, 250] + [8] -> [250.          43.91889117]
[0, 250] + [9] -> [250.         52.0022245]
[0, 250] + [10] -> [250.          60.08555784]
[0, 250] + [11] -> [250.          68.16889117]
[0, 300] + [-12] -> [ 300.        -121.8973306]
[0, 300] + [-11] -> [ 300.         -113.81399726]
[0, 300] + [-10] -> [ 300.         -105.73066393]
[0, 300] + [-9] -> [300.        -97.6473306]
[0, 300] + [-8] -> [300.         -89.56399726]
[0, 300] + [-7] -> [300.         -81.48066393]
[0, 300] + [-6] -> [300.        -73.3973306]
[0, 300] + [-5] -> [300.         -65.31399726]
[0, 300] + [-4] -> [300.         -57.23066393]
[0, 300] + [-3] -> [300.        -49.1473306]
[0, 300] + [-2] -> [300.         -41.06399726]
[0, 300] + [-1] -> [300.         -32.98066393]
[0, 300] + [0] -> [300.        -24.8973306]
[0, 300] + [1] -> [300.         -16.81399726]
[0, 300] + [2] -> [300.          -8.73066393]
[0, 300] + [3] -> [300.         -0.6473306]
[0, 300] + [4] -> [300.           7.43600274]
[0, 300] + [5] -> [300.          15.51933607]
[0, 300] + [6] -> [300.         23.6026694]
[0, 300] + [7] -> [300.          31.68600274]
[0, 300] + [8] -> [300.          39.76933607]
[0, 300] + [9] -> [300.         47.8526694]
[0, 300] + [10] -> [300.          55.93600274]
[0, 300] + [11] -> [300.          64.01933607]
[0, 350] + [-12] -> [ 350.         -126.04688569]
[0, 350] + [-11] -> [ 350.         -117.96355236]
[0, 350] + [-10] -> [ 350.         -109.88021903]
[0, 350] + [-9] -> [ 350.         -101.79688569]
[0, 350] + [-8] -> [350.         -93.71355236]
[0, 350] + [-7] -> [350.         -85.63021903]
[0, 350] + [-6] -> [350.         -77.54688569]
[0, 350] + [-5] -> [350.         -69.46355236]
[0, 350] + [-4] -> [350.         -61.38021903]
[0, 350] + [-3] -> [350.         -53.29688569]
[0, 350] + [-2] -> [350.         -45.21355236]
[0, 350] + [-1] -> [350.         -37.13021903]
[0, 350] + [0] -> [350.         -29.04688569]
[0, 350] + [1] -> [350.         -20.96355236]
[0, 350] + [2] -> [350.         -12.88021903]
[0, 350] + [3] -> [350.          -4.79688569]
[0, 350] + [4] -> [350.           3.28644764]
[0, 350] + [5] -> [350.          11.36978097]
[0, 350] + [6] -> [350.          19.45311431]
[0, 350] + [7] -> [350.          27.53644764]
[0, 350] + [8] -> [350.          35.61978097]
[0, 350] + [9] -> [350.          43.70311431]
[0, 350] + [10] -> [350.          51.78644764]
[0, 350] + [11] -> [350.          59.86978097]
[0, 400] + [-12] -> [ 400.         -130.19644079]
[0, 400] + [-11] -> [ 400.         -122.11310746]
[0, 400] + [-10] -> [ 400.         -114.02977413]
[0, 400] + [-9] -> [ 400.         -105.94644079]
[0, 400] + [-8] -> [400.         -97.86310746]
[0, 400] + [-7] -> [400.         -89.77977413]
[0, 400] + [-6] -> [400.         -81.69644079]
[0, 400] + [-5] -> [400.         -73.61310746]
[0, 400] + [-4] -> [400.         -65.52977413]
[0, 400] + [-3] -> [400.         -57.44644079]
[0, 400] + [-2] -> [400.         -49.36310746]
[0, 400] + [-1] -> [400.         -41.27977413]
[0, 400] + [0] -> [400.         -33.19644079]
[0, 400] + [1] -> [400.         -25.11310746]
[0, 400] + [2] -> [400.         -17.02977413]
[0, 400] + [3] -> [400.          -8.94644079]
[0, 400] + [4] -> [400.          -0.86310746]
[0, 400] + [5] -> [400.           7.22022587]
[0, 400] + [6] -> [400.          15.30355921]
[0, 400] + [7] -> [400.          23.38689254]
[0, 400] + [8] -> [400.          31.47022587]
[0, 400] + [9] -> [400.          39.55355921]
[0, 400] + [10] -> [400.          47.63689254]
[0, 400] + [11] -> [400.          55.72022587]
[0, 450] + [-12] -> [ 450.         -134.34599589]
[0, 450] + [-11] -> [ 450.         -126.26266256]
[0, 450] + [-10] -> [ 450.         -118.17932923]
[0, 450] + [-9] -> [ 450.         -110.09599589]
[0, 450] + [-8] -> [ 450.         -102.01266256]
[0, 450] + [-7] -> [450.         -93.92932923]
[0, 450] + [-6] -> [450.         -85.84599589]
[0, 450] + [-5] -> [450.         -77.76266256]
[0, 450] + [-4] -> [450.         -69.67932923]
[0, 450] + [-3] -> [450.         -61.59599589]
[0, 450] + [-2] -> [450.         -53.51266256]
[0, 450] + [-1] -> [450.         -45.42932923]
[0, 450] + [0] -> [450.         -37.34599589]
[0, 450] + [1] -> [450.         -29.26266256]
[0, 450] + [2] -> [450.         -21.17932923]
[0, 450] + [3] -> [450.         -13.09599589]
[0, 450] + [4] -> [450.          -5.01266256]
[0, 450] + [5] -> [450.           3.07067077]
[0, 450] + [6] -> [450.          11.15400411]
[0, 450] + [7] -> [450.          19.23733744]
[0, 450] + [8] -> [450.          27.32067077]
[0, 450] + [9] -> [450.          35.40400411]
[0, 450] + [10] -> [450.          43.48733744]
[0, 450] + [11] -> [450.          51.57067077]
[0, 500] + [-12] -> [ 500.         -138.49555099]
[0, 500] + [-11] -> [ 500.         -130.41221766]
[0, 500] + [-10] -> [ 500.         -122.32888433]
[0, 500] + [-9] -> [ 500.         -114.24555099]
[0, 500] + [-8] -> [ 500.         -106.16221766]
[0, 500] + [-7] -> [500.         -98.07888433]
[0, 500] + [-6] -> [500.         -89.99555099]
[0, 500] + [-5] -> [500.         -81.91221766]
[0, 500] + [-4] -> [500.         -73.82888433]
[0, 500] + [-3] -> [500.         -65.74555099]
[0, 500] + [-2] -> [500.         -57.66221766]
[0, 500] + [-1] -> [500.         -49.57888433]
[0, 500] + [0] -> [500.         -41.49555099]
[0, 500] + [1] -> [500.         -33.41221766]
[0, 500] + [2] -> [500.         -25.32888433]
[0, 500] + [3] -> [500.         -17.24555099]
[0, 500] + [4] -> [500.          -9.16221766]
[0, 500] + [5] -> [500.          -1.07888433]
[0, 500] + [6] -> [500.           7.00444901]
[0, 500] + [7] -> [500.          15.08778234]
[0, 500] + [8] -> [500.          23.17111567]
[0, 500] + [9] -> [500.          31.25444901]
[0, 500] + [10] -> [500.          39.33778234]
[0, 500] + [11] -> [500.          47.42111567]
[0, 550] + [-12] -> [ 550.         -142.64510609]
[0, 550] + [-11] -> [ 550.         -134.56177276]
[0, 550] + [-10] -> [ 550.         -126.47843943]
[0, 550] + [-9] -> [ 550.         -118.39510609]
[0, 550] + [-8] -> [ 550.         -110.31177276]
[0, 550] + [-7] -> [ 550.         -102.22843943]
[0, 550] + [-6] -> [550.         -94.14510609]
[0, 550] + [-5] -> [550.         -86.06177276]
[0, 550] + [-4] -> [550.         -77.97843943]
[0, 550] + [-3] -> [550.         -69.89510609]
[0, 550] + [-2] -> [550.         -61.81177276]
[0, 550] + [-1] -> [550.         -53.72843943]
[0, 550] + [0] -> [550.         -45.64510609]
[0, 550] + [1] -> [550.         -37.56177276]
[0, 550] + [2] -> [550.         -29.47843943]
[0, 550] + [3] -> [550.         -21.39510609]
[0, 550] + [4] -> [550.         -13.31177276]
[0, 550] + [5] -> [550.          -5.22843943]
[0, 550] + [6] -> [550.           2.85489391]
[0, 550] + [7] -> [550.          10.93822724]
[0, 550] + [8] -> [550.          19.02156057]
[0, 550] + [9] -> [550.          27.10489391]
[0, 550] + [10] -> [550.          35.18822724]
[0, 550] + [11] -> [550.          43.27156057]
[0, 600] + [-12] -> [ 600.         -146.79466119]
[0, 600] + [-11] -> [ 600.         -138.71132786]
[0, 600] + [-10] -> [ 600.         -130.62799452]
[0, 600] + [-9] -> [ 600.         -122.54466119]
[0, 600] + [-8] -> [ 600.         -114.46132786]
[0, 600] + [-7] -> [ 600.         -106.37799452]
[0, 600] + [-6] -> [600.         -98.29466119]
[0, 600] + [-5] -> [600.         -90.21132786]
[0, 600] + [-4] -> [600.         -82.12799452]
[0, 600] + [-3] -> [600.         -74.04466119]
[0, 600] + [-2] -> [600.         -65.96132786]
[0, 600] + [-1] -> [600.         -57.87799452]
[0, 600] + [0] -> [600.         -49.79466119]
[0, 600] + [1] -> [600.         -41.71132786]
[0, 600] + [2] -> [600.         -33.62799452]
[0, 600] + [3] -> [600.         -25.54466119]
[0, 600] + [4] -> [600.         -17.46132786]
[0, 600] + [5] -> [600.          -9.37799452]
[0, 600] + [6] -> [600.          -1.29466119]
[0, 600] + [7] -> [600.           6.78867214]
[0, 600] + [8] -> [600.          14.87200548]
[0, 600] + [9] -> [600.          22.95533881]
[0, 600] + [10] -> [600.          31.03867214]
[0, 600] + [11] -> [600.          39.12200548]
[0, 650] + [-12] -> [ 650.         -150.94421629]
[0, 650] + [-11] -> [ 650.         -142.86088296]
[0, 650] + [-10] -> [ 650.         -134.77754962]
[0, 650] + [-9] -> [ 650.         -126.69421629]
[0, 650] + [-8] -> [ 650.         -118.61088296]
[0, 650] + [-7] -> [ 650.         -110.52754962]
[0, 650] + [-6] -> [ 650.         -102.44421629]
[0, 650] + [-5] -> [650.         -94.36088296]
[0, 650] + [-4] -> [650.         -86.27754962]
[0, 650] + [-3] -> [650.         -78.19421629]
[0, 650] + [-2] -> [650.         -70.11088296]
[0, 650] + [-1] -> [650.         -62.02754962]
[0, 650] + [0] -> [650.         -53.94421629]
[0, 650] + [1] -> [650.         -45.86088296]
[0, 650] + [2] -> [650.         -37.77754962]
[0, 650] + [3] -> [650.         -29.69421629]
[0, 650] + [4] -> [650.         -21.61088296]
[0, 650] + [5] -> [650.         -13.52754962]
[0, 650] + [6] -> [650.          -5.44421629]
[0, 650] + [7] -> [650.           2.63911704]
[0, 650] + [8] -> [650.          10.72245038]
[0, 650] + [9] -> [650.          18.80578371]
[0, 650] + [10] -> [650.          26.88911704]
[0, 650] + [11] -> [650.          34.97245038]
[0, 700] + [-12] -> [ 700.         -155.09377139]
[0, 700] + [-11] -> [ 700.         -147.01043806]
[0, 700] + [-10] -> [ 700.         -138.92710472]
[0, 700] + [-9] -> [ 700.         -130.84377139]
[0, 700] + [-8] -> [ 700.         -122.76043806]
[0, 700] + [-7] -> [ 700.         -114.67710472]
[0, 700] + [-6] -> [ 700.         -106.59377139]
[0, 700] + [-5] -> [700.         -98.51043806]
[0, 700] + [-4] -> [700.         -90.42710472]
[0, 700] + [-3] -> [700.         -82.34377139]
[0, 700] + [-2] -> [700.         -74.26043806]
[0, 700] + [-1] -> [700.         -66.17710472]
[0, 700] + [0] -> [700.         -58.09377139]
[0, 700] + [1] -> [700.         -50.01043806]
[0, 700] + [2] -> [700.         -41.92710472]
[0, 700] + [3] -> [700.         -33.84377139]
[0, 700] + [4] -> [700.         -25.76043806]
[0, 700] + [5] -> [700.         -17.67710472]
[0, 700] + [6] -> [700.          -9.59377139]
[0, 700] + [7] -> [700.          -1.51043806]
[0, 700] + [8] -> [700.           6.57289528]
[0, 700] + [9] -> [700.          14.65622861]
[0, 700] + [10] -> [700.          22.73956194]
[0, 700] + [11] -> [700.          30.82289528]
[0, 750] + [-12] -> [ 750.         -159.24332649]
[0, 750] + [-11] -> [ 750.         -151.15999316]
[0, 750] + [-10] -> [ 750.         -143.07665982]
[0, 750] + [-9] -> [ 750.         -134.99332649]
[0, 750] + [-8] -> [ 750.         -126.90999316]
[0, 750] + [-7] -> [ 750.         -118.82665982]
[0, 750] + [-6] -> [ 750.         -110.74332649]
[0, 750] + [-5] -> [ 750.         -102.65999316]
[0, 750] + [-4] -> [750.         -94.57665982]
[0, 750] + [-3] -> [750.         -86.49332649]
[0, 750] + [-2] -> [750.         -78.40999316]
[0, 750] + [-1] -> [750.         -70.32665982]
[0, 750] + [0] -> [750.         -62.24332649]
[0, 750] + [1] -> [750.         -54.15999316]
[0, 750] + [2] -> [750.         -46.07665982]
[0, 750] + [3] -> [750.         -37.99332649]
[0, 750] + [4] -> [750.         -29.90999316]
[0, 750] + [5] -> [750.         -21.82665982]
[0, 750] + [6] -> [750.         -13.74332649]
[0, 750] + [7] -> [750.          -5.65999316]
[0, 750] + [8] -> [750.           2.42334018]
[0, 750] + [9] -> [750.          10.50667351]
[0, 750] + [10] -> [750.          18.59000684]
[0, 750] + [11] -> [750.          26.67334018]
[0, 800] + [-12] -> [ 800.         -163.39288159]
[0, 800] + [-11] -> [ 800.         -155.30954825]
[0, 800] + [-10] -> [ 800.         -147.22621492]
[0, 800] + [-9] -> [ 800.         -139.14288159]
[0, 800] + [-8] -> [ 800.         -131.05954825]
[0, 800] + [-7] -> [ 800.         -122.97621492]
[0, 800] + [-6] -> [ 800.         -114.89288159]
[0, 800] + [-5] -> [ 800.         -106.80954825]
[0, 800] + [-4] -> [800.         -98.72621492]
[0, 800] + [-3] -> [800.         -90.64288159]
[0, 800] + [-2] -> [800.         -82.55954825]
[0, 800] + [-1] -> [800.         -74.47621492]
[0, 800] + [0] -> [800.         -66.39288159]
[0, 800] + [1] -> [800.         -58.30954825]
[0, 800] + [2] -> [800.         -50.22621492]
[0, 800] + [3] -> [800.         -42.14288159]
[0, 800] + [4] -> [800.         -34.05954825]
[0, 800] + [5] -> [800.         -25.97621492]
[0, 800] + [6] -> [800.         -17.89288159]
[0, 800] + [7] -> [800.          -9.80954825]
[0, 800] + [8] -> [800.          -1.72621492]
[0, 800] + [9] -> [800.           6.35711841]
[0, 800] + [10] -> [800.          14.44045175]
[0, 800] + [11] -> [800.          22.52378508]
[0, 850] + [-12] -> [ 850.         -167.54243669]
[0, 850] + [-11] -> [ 850.         -159.45910335]
[0, 850] + [-10] -> [ 850.         -151.37577002]
[0, 850] + [-9] -> [ 850.         -143.29243669]
[0, 850] + [-8] -> [ 850.         -135.20910335]
[0, 850] + [-7] -> [ 850.         -127.12577002]
[0, 850] + [-6] -> [ 850.         -119.04243669]
[0, 850] + [-5] -> [ 850.         -110.95910335]
[0, 850] + [-4] -> [ 850.         -102.87577002]
[0, 850] + [-3] -> [850.         -94.79243669]
[0, 850] + [-2] -> [850.         -86.70910335]
[0, 850] + [-1] -> [850.         -78.62577002]
[0, 850] + [0] -> [850.         -70.54243669]
[0, 850] + [1] -> [850.         -62.45910335]
[0, 850] + [2] -> [850.         -54.37577002]
[0, 850] + [3] -> [850.         -46.29243669]
[0, 850] + [4] -> [850.         -38.20910335]
[0, 850] + [5] -> [850.         -30.12577002]
[0, 850] + [6] -> [850.         -22.04243669]
[0, 850] + [7] -> [850.         -13.95910335]
[0, 850] + [8] -> [850.          -5.87577002]
[0, 850] + [9] -> [850.           2.20756331]
[0, 850] + [10] -> [850.          10.29089665]
[0, 850] + [11] -> [850.          18.37422998]
[0, 900] + [-12] -> [ 900.         -171.69199179]
[0, 900] + [-11] -> [ 900.         -163.60865845]
[0, 900] + [-10] -> [ 900.         -155.52532512]
[0, 900] + [-9] -> [ 900.         -147.44199179]
[0, 900] + [-8] -> [ 900.         -139.35865845]
[0, 900] + [-7] -> [ 900.         -131.27532512]
[0, 900] + [-6] -> [ 900.         -123.19199179]
[0, 900] + [-5] -> [ 900.         -115.10865845]
[0, 900] + [-4] -> [ 900.         -107.02532512]
[0, 900] + [-3] -> [900.         -98.94199179]
[0, 900] + [-2] -> [900.         -90.85865845]
[0, 900] + [-1] -> [900.         -82.77532512]
[0, 900] + [0] -> [900.         -74.69199179]
[0, 900] + [1] -> [900.         -66.60865845]
[0, 900] + [2] -> [900.         -58.52532512]
[0, 900] + [3] -> [900.         -50.44199179]
[0, 900] + [4] -> [900.         -42.35865845]
[0, 900] + [5] -> [900.         -34.27532512]
[0, 900] + [6] -> [900.         -26.19199179]
[0, 900] + [7] -> [900.         -18.10865845]
[0, 900] + [8] -> [900.         -10.02532512]
[0, 900] + [9] -> [900.          -1.94199179]
[0, 900] + [10] -> [900.           6.14134155]
[0, 900] + [11] -> [900.          14.22467488]
[0, 950] + [-12] -> [ 950.         -175.84154689]
[0, 950] + [-11] -> [ 950.         -167.75821355]
[0, 950] + [-10] -> [ 950.         -159.67488022]
[0, 950] + [-9] -> [ 950.         -151.59154689]
[0, 950] + [-8] -> [ 950.         -143.50821355]
[0, 950] + [-7] -> [ 950.         -135.42488022]
[0, 950] + [-6] -> [ 950.         -127.34154689]
[0, 950] + [-5] -> [ 950.         -119.25821355]
[0, 950] + [-4] -> [ 950.         -111.17488022]
[0, 950] + [-3] -> [ 950.         -103.09154689]
[0, 950] + [-2] -> [950.         -95.00821355]
[0, 950] + [-1] -> [950.         -86.92488022]
[0, 950] + [0] -> [950.         -78.84154689]
[0, 950] + [1] -> [950.         -70.75821355]
[0, 950] + [2] -> [950.         -62.67488022]
[0, 950] + [3] -> [950.         -54.59154689]
[0, 950] + [4] -> [950.         -46.50821355]
[0, 950] + [5] -> [950.         -38.42488022]
[0, 950] + [6] -> [950.         -30.34154689]
[0, 950] + [7] -> [950.         -22.25821355]
[0, 950] + [8] -> [950.         -14.17488022]
[0, 950] + [9] -> [950.          -6.09154689]
[0, 950] + [10] -> [950.           1.99178645]
[0, 950] + [11] -> [950.          10.07511978]
